510950555
510950555
510950555
510950555
510950555
1521078132
1521078132
1521078132
1521078132
1521078132
1521078132
1521078132
1521078132
1521078132
1521078132
1521078132
1521078132
1521078132
1521078132
1521078132
1521078132
1521078132
1521078132
1521078132
1521078132
1521078132
1521078132
1521078132
1521078132
1521078132
1521078132
1521078132
1521078132
1521078132
1521078132
1521078132
1521078132
1521078132
1521078132
1521078132
1521078132
1521078132
1521078132
1521078132
1521078132
1521078132
1521078132
1521078132
1521078132
1521078132
1521078132
1521078132
1521078132
1521078132
1521078132
1521078132
1521078132
1521078132
1521078132
1521078132
1521078132
1521078132
1521078132
1521078132
1521078132
1521078132
1521078132
1521078132
1521078132
1521078132
1521078132
1521078132
1521078132
1521078132
1521078132
1521078132
510950555
1521078132
510950555
1521078132
510950555
1521078132
1521078132
1521078132
487082863
487082863
1521078132
1521078132
1521078132
1521078132
1521078132
1521078132
1521078132
1521078132
1521078132
1521078132
1521078132
1521078132
5232379353
1521078132
1521078132
5232379353
487082863
1521078132
5232379353
